gold pairs: 1327
cached candidate pairs: 135

 page>= sent>=  pairs  match   prec    rec     F1
   0.62   0.50    918    585   0.66   0.44   0.53
   0.62   0.45    958    602   0.65   0.45   0.53
   0.62   0.40    996    613   0.64   0.46   0.53
   0.62   0.35   1015    620   0.63   0.47   0.54
   0.58   0.50    969    620   0.66   0.47   0.55
   0.58   0.45   1013    638   0.65   0.48   0.55
   0.58   0.40   1054    650   0.64   0.49   0.55
   0.58   0.35   1078    659   0.63   0.50   0.56
   0.55   0.50    999    633   0.65   0.48   0.55
   0.55   0.45   1050    655   0.64   0.49   0.56
   0.55   0.40   1099    672   0.63   0.51   0.56
   0.55   0.35   1128    683   0.62   0.51   0.56
   0.50   0.50   1039    665   0.66   0.50   0.57
   0.50   0.45   1100    694   0.65   0.52   0.58
   0.50   0.40   1158    715   0.63   0.54   0.58
   0.50   0.35   1203    732   0.63   0.55   0.59
